5.1059421315143965	-0.9779421288600219
